39
20
39
38
6
48
16
36
1
13
4
1
43
32
38
22
46
36
48
31
27
42
6
7
8
24
32
41
26
29
47
41
41
38
8
38
12
18
7
18
34
29
24
38
48
35
13
12
29
17
30
5
30
6
39
50
30
27
32
15
15
37
29
3
3
5
38
7
49
23
48
14
34
4
11
43
48
26
22
5
24
3
20
5
40
37
5
38
24
36
34
44
21
25
34
12
25
16
20
$
6
3
6
2
3
5
6
2
6
1
5
8
3
2
1
3
1
5
1
9
2
2
5
8
8
5
5
8
5
2
4
4
1
4
4
5
2
8
8
5
2
1
9
1
2
6
8
7
1
3
6
2
2
7
5
2
9
8
2
9
1
5
5
4
4
5
8
2
6
3
5
9
9
4
3
2
9
8
7
1
4
8
6
5
7
6
3
4
7
7
6
2
9
3
5
4
7
5
9
$
6
8
1
3
6
1
7
1
3
