          10
           3
           3
           3
           3
           5
           2
           2
           5
           1
.
                   0
                   0
                   0
                   0
                  14
                   0
                  10
                  20
                  19
                   0
                   0
                   0
                   0
                   7
                   0
                   0
                  13
                   0
                  12
                   0
                   0
                  16
                   0
                   9
                   0
                  17
                   8
                   0
                  15
                  16
                   0
                   8
                   6
                  13
                   6
                  10
                   0
                   0
                   0
                   8
                   0
                   0
                   4
                   0
                   7
                   0
                  12
                   9
                   6
                   0
                   0
                   0
                   0
                   0
                   0
                   4
                   0
                   0
                   4
                   0
                   0
                   0
                   0
                  20
                   0
                   0
                   0
                   0
                  10
                  13
                   0
                   0
                   0
                  13
                   0
                   0
                   0
                   4
                   0
                   0
                   0
                   0
                  21
                   0
                  21
                  18
                   0
                   0
                   0
                   0
.
                   0
                   0
                   0
                   0
                2550
                   0
                1950
                3600
                3450
                   0
                   0
                   0
                   0
                1320
                   0
                   0
                2430
                   0
                2280
                   0
                   0
                2910
                   0
                1770
                   0
                3150
                1440
                   0
                2790
                2910
                   0
                1590
                1200
                2370
                1110
                1890
                   0
                   0
                   0
                1590
                   0
                   0
                 780
                   0
                1320
                   0
                2160
                1770
                1200
                   0
                   0
                   0
                   0
                   0
                   0
                 870
                   0
                   0
                 780
                   0
                   0
                   0
                   0
                3600
                   0
                   0
                   0
                   0
                1830
                2340
                   0
                   0
                   0
                2370
                   0
                   0
                   0
                 720
                   0
                   0
                   0
                   0
                3840
                   0
                3900
                3240
                   0
                   0
                   0
                   0
